t16 = [7.92; 8.5; 9.13] % s
t8 = [1.15; 1.3; 1.32] % s
h = [1.31; 0.89; 0.63]; % m
d16 = 1/16*.0254; % m
d8 = 1/8*.0254; % m
p = 1000; % kg/m^3
g = 9.8; % m/s^2
P = p*g*h % Pa
V = 10*.001 % L
Q16 = V./t16 % L/s
Q8 = V./t8 % L/s
U16 = Q16/(pi*d16^2/4) % m/s
U8 = Q8/(pi*d8^2/4) % m/s
